0 0 0 15 14
1 92 32 1 1
2 15 0 14 14
3 92 32 1 1
4 29 0 16 5
5 92 32 1 1
6 45 0 16 16
7 92 32 1 1
8 61 0 15 14
9 92 32 1 1
10 76 0 10 15
11 92 32 1 1
12 86 0 14 16
13 92 32 1 1
14 100 0 11 11
15 92 32 1 1
16 111 0 13 16
17 92 32 1 1
18 124 0 11 11
19 92 32 1 1
20 135 0 14 14
21 92 32 1 1
22 149 0 16 13
23 92 32 1 1
24 165 0 13 14
25 178 0 15 15
26 193 0 10 14
27 203 0 14 10
28 0 16 14 11
29 14 16 12 10
30 26 16 14 14
31 40 16 13 14 
32 53 16 16 16
33 69 16 12 12
34 81 16 11 11
35 92 16 12 12
36 104 16 12 12
37 116 16 16 16
38 132 16 13 14
39 92 32 1 1
40 92 32 1 1
41 92 32 1 1
42 92 32 1 1
43 92 32 1 1
44 92 32 1 1
45 145 16 9 12
46 154 16 10 10
47 164 16 10 12
48 174 16 16 15
49 190 16 16 16
50 0 33 15 14
51 15 33 16 16
52 31 33 16 16
53 47 33 16 14
54 63 33 15 14
55 78 33 14 12
99 92 33 1 1